2.560059866853862331e+00
4.300174658114883641e+00
-3.666638845778379618e+00
1.558835488550266746e+01
-3.526721349253284643e+01
5.003631569046865479e+01
2.917057408083792325e+01
-1.531177007396036061e+01
2.798811603758213096e+01
5.940859518524416671e+01
-2.990295991958191735e+00
-1.784811307338168263e+01
3.028132347023347393e+01
-1.788567460584806668e+01
8.750989227632442180e+01
-2.321212333194944222e+01
2.480217164360101378e+01
-8.279849838799100326e+01
2.614002378292298090e+01
-1.759159370732595562e+01
2.935172025745714564e+00
6.543235796409544491e+01
-2.722470165105823980e+01
3.568984322415963106e+01
7.833870062200730899e+00
-4.202117737433172806e+01
-7.805369645273867718e+01
-6.383632812217274477e+01
-5.892243278786463634e+01
-2.572510828556914930e+01
2.929786148624179987e+01
-5.892856768291267144e+01
-2.420959346821751978e+01
1.241653391891078400e+02
-1.183976426089444658e+02
4.509432396195427373e+01
2.397715900249494325e+01
-1.563932345942168922e+01
6.757681508011728511e+00
1.514929664828832756e+01
-2.174901463741389307e+01
-1.503682880724090865e+01
-2.493256985624338995e+01
1.884301122807198681e+01
-3.306384581576094206e+01
