1.952922794698525877e+01
1.855849005163512544e+01
1.936007848772239726e+01
1.827534298833928617e+01
2.479076864475071318e+01
2.750609357438614211e+01
2.651238143854549278e+01
1.803688497675248570e+01
1.594594255450291342e+01
1.498039423275261584e+01
2.188956061183395718e+01
1.730110010620559180e+01
1.805298697359707916e+01
1.778928977779111520e+01
2.253137063935897899e+01
1.801130626104710686e+01
2.056815294937435468e+01
2.928139147084243632e+01
1.977917021706705469e+01
2.450906147042288907e+01
2.480991304161574362e+01
2.402877975694175561e+01
2.516185616115544121e+01
2.415187480625969130e+01
2.368124304361607457e+01
2.379907622591539962e+01
2.612185729761210951e+01
2.466123164519305888e+01
2.551815165375372629e+01
2.443773581912209991e+01
2.380864641367464429e+01
2.181351653551690006e+01
2.250251297379026738e+01
2.410625385987463432e+01
2.871849812908254052e+01
2.235066510284519126e+01
2.020233938756485159e+01
2.160156511785291045e+01
2.250933992256745952e+01
2.281231075233383621e+01
2.314082720615300204e+01
2.470952094096182350e+01
2.265442739728475985e+01
2.415252471257873168e+01
2.307876186419543529e+01
