1.760114522984078178e+01
1.743960476332969378e+01
1.780048219060640946e+01
1.734890765440129456e+01
2.361605215447435668e+01
2.549239797216240078e+01
2.610144707563838651e+01
1.786960244481398163e+01
1.555669941698917214e+01
1.477792000650838133e+01
2.336298893927772724e+01
1.801605743280147820e+01
1.724232644015277316e+01
1.703047081323312284e+01
2.317605568125884119e+01
1.774135577622572058e+01
1.996492431426242575e+01
2.882670213321751618e+01
1.861797138474134528e+01
2.481201279722390751e+01
2.334845724883970774e+01
2.122450003645353789e+01
2.249776491544586676e+01
2.137588150519923147e+01
2.106292484104566753e+01
2.178693182312624188e+01
2.525137485268247417e+01
2.496672475333098973e+01
2.019594444203881523e+01
2.198003261294520172e+01
2.188609481927832690e+01
1.872996381745886296e+01
2.127222341539442141e+01
2.307391784387892031e+01
2.906582101676216112e+01
2.082132531128493724e+01
2.022617313813803008e+01
2.232003628447273513e+01
2.230062630401641854e+01
2.171339008384617131e+01
2.274397100145575834e+01
2.293853671837336350e+01
1.991184666129264969e+01
2.088739783244772141e+01
2.120629364669639472e+01
