-1.972137042084978020e+01
3.995196261153068917e+00
-3.832860038635726596e+01
6.292347904522785029e+00
-1.735956183671805775e+01
-2.517217216978315264e+01
-3.101200483950742637e+01
1.574526459360095032e+01
-3.575021748448762082e+00
1.911059691783702874e+01
-7.884179431672055216e+01
-1.301381425097270039e+01
1.936407160147200557e+01
-1.639211262975277350e+01
-1.890375438515548012e+01
1.087097314365473721e+01
8.565475190257529903e-01
-1.012798249613479129e+01
1.502526080958887178e+00
2.697464968341591884e+00
-8.575150276948988903e+00
9.329002989075888763e+00
-1.773996281075233128e+01
-2.547316397353824868e+00
1.822660874038774637e+00
-1.387955126018823648e+00
-1.026986523413770556e+02
-4.584995934719700017e+00
-3.436481728093167476e+01
-4.250565424537762738e+01
9.267794808153666963e+00
5.173084223650403146e+01
-5.713313576959990314e+00
2.598468954909549211e+00
1.303131168032805363e+02
2.645071350317493852e+01
1.108389722684610206e+02
4.079143888583598709e+01
1.360532602662374302e+01
1.667526621744900694e+01
-3.035692461110284057e+01
-3.549577244060310477e+01
-1.890173046883774077e+00
2.841394955596842919e+01
1.689159252460740390e+01
