-2.888315166019128810e+01
3.229779084228448482e+01
-2.555975979723893943e+01
-3.044311581644888065e+01
-1.448522967776625592e+00
-3.872324436550434257e+01
1.049946076405649364e+01
-3.859149351757878321e+00
-5.488141356706751139e+01
-1.085182109988750199e+00
-7.679136152771093293e+01
-5.317932369830441530e+01
1.218298569447460977e+02
-1.090564481546107345e+01
-3.916471689932723166e+01
-3.128655333788401549e+00
-6.534813614975746532e+00
8.170363626277548974e+00
-5.439148812751454898e+00
9.276693825045322228e+01
4.949341392478845592e+01
1.117846540546270262e+01
4.032101169953966746e+01
-2.549189456791737030e+01
-2.940731529595359461e+01
8.701817049677629257e-02
-5.576452810181217501e+01
2.695863783636264088e+01
-3.418364182953746422e+01
-3.983901706668348197e+01
-6.137042358170310763e+01
-4.087982461390424760e+01
1.854522452015470435e+01
5.077015088962855316e+01
-2.709948805707881547e+00
-1.918073200396861466e-01
6.538253157640349400e+01
4.022377598085643058e+01
6.932140140794615490e+01
4.846932454787577171e+00
-9.715756234015998416e+00
3.729912742432156847e+01
3.538171985462577140e+01
-1.781416256207285187e+01
1.013155694122815476e+00
