1.355825289561562386e+01
-1.947922502825758784e+01
4.752402210070567889e+01
4.287749971612493027e+01
-2.078025220790868843e+01
-5.444408565737421668e+01
-5.318205597119367667e+01
-6.281953436826006509e+01
4.062140936529931423e+01
3.401223633508561761e+01
2.602236463242456921e+01
-4.722372573381835537e+01
2.622853175590989849e+01
-3.931764272551095019e+01
-3.125840282720190544e+00
-2.280524524495933747e+01
5.089380130881409059e+00
-4.266691239860074347e+01
4.945005111339924042e-01
-2.973206479400505486e+01
7.222053737756027658e+01
2.879612924817161002e+01
-9.981346801323525142e+00
1.601397314543100947e+01
1.240807019833118829e+01
3.054103219888929743e+01
-4.359850900044420996e+01
-4.438756058217222744e+00
-5.993445769283880509e+00
3.297974960279771039e+01
-2.915720908227194741e+01
5.487513319571849024e+01
-2.597990582204488419e+01
6.737609876672536302e+00
-5.310105177059767811e+01
6.057403710251264783e+00
-3.107377878135815763e+01
1.613148843170256441e+01
2.399892892634329655e+01
2.003010923393716780e+01
6.906483215343541815e-01
-6.978141480856538692e+01
-4.788857502686778389e+01
5.455808531642855996e+01
4.080218957133331514e+01
