1.754568935173370647e+01
1.741012753444200811e+01
1.723690777420488374e+01
1.704809299584796989e+01
2.257140868158460378e+01
2.344848928377277630e+01
2.309434135799591559e+01
1.636122449515974964e+01
1.441024359474657679e+01
1.373727982526081881e+01
2.042830149276390728e+01
1.604144409476032251e+01
1.627903597688989379e+01
1.623487428727056781e+01
2.199311582784974561e+01
1.725886679865738671e+01
1.928325922789525748e+01
2.585257132599251406e+01
1.838261106287011160e+01
2.242869994366030539e+01
2.072246964950745607e+01
2.056392951943814040e+01
2.179644500946123387e+01
2.142228525793574079e+01
2.116285233889654549e+01
2.103669933539381987e+01
2.271235275196086079e+01
2.194862404058289584e+01
2.197761323361255847e+01
2.189387471650047701e+01
2.040326334268309338e+01
1.961861139811088961e+01
1.999874660317193076e+01
2.069943040294647574e+01
2.666792067104473674e+01
2.022150802468504693e+01
1.890368289075414054e+01
1.968826321838457716e+01
2.085634061904174530e+01
2.041538359908406619e+01
2.026107993183134681e+01
2.126121137291260865e+01
2.058455280093735240e+01
2.064634821020216293e+01
2.044330856335865931e+01
