-2.692796639684593174e+01
-3.329010164853252718e+01
-2.781913048644310038e+01
-4.741252050501225312e+01
-6.882737590245733372e+01
-6.956012501854729635e+01
-2.609084031160000450e+01
2.707624223723632895e+01
-4.049886468292697828e+00
-4.876182770628520302e+01
-3.979412614818556904e+00
7.049118337105664978e+01
-1.082261676034659104e+01
-1.092911261132348955e+01
-3.040308986478748920e+01
-3.366731088042286046e+01
-2.425921898962673140e+01
-7.177009976031467886e+01
1.016848842994195365e+02
7.334606611154504208e+01
2.731055151770465272e+01
5.496056635465436102e+00
1.282630673565299730e+02
1.026387250774896529e+02
1.114820988301980833e+02
1.190914711469686154e+02
-3.891815791077169706e+01
-4.990962578159906116e+01
1.199712878855962117e+01
2.805994897539812882e+01
3.124049854170561957e+01
-2.717716196729952571e+01
-4.152641985093225685e+01
-3.151925288587267460e+01
-4.271517929990193352e+01
1.578431916304680271e+01
-8.401529384295145064e+00
-1.629066536832817746e+01
1.165841380363451663e+01
2.693319959587694257e+01
-2.631298427493948111e+01
-2.167901289737756088e+01
-3.431643557060419880e+01
7.549374974264424054e+00
-2.125277554323315599e+01
