9.498761319848497919e+00
9.342437879212972973e+00
9.694002756518337094e+00
9.491251311778444943e+00
1.317337846594416639e+01
1.345614898025819883e+01
1.343764473075305510e+01
1.074651272049642792e+01
8.136333227869220863e+00
8.239301403397432111e+00
1.195576420441350685e+01
9.860862613281804911e+00
9.039813587297365061e+00
9.835873560520868253e+00
1.250352859270055106e+01
1.013701727448350276e+01
1.077158778152685770e+01
1.462724688253207717e+01
1.020182835808551225e+01
1.330269539777806642e+01
1.190719185506037014e+01
1.156558938866343844e+01
1.233724848059649126e+01
1.223338777265901989e+01
1.229245433096655304e+01
1.196618348558057576e+01
1.289383667382670318e+01
1.234267278886499142e+01
1.228695071437632969e+01
1.248570196372571672e+01
1.189833910939062278e+01
1.115433236192686728e+01
1.190060873000638253e+01
1.246628294977245588e+01
1.494106603269047362e+01
1.159829283347409579e+01
1.111733422103161040e+01
1.121952444755522471e+01
1.156819460631239060e+01
1.170886696655229997e+01
1.187915120430535332e+01
1.227149348558393882e+01
1.161921608311781107e+01
1.076990802592744600e+01
1.164188664446381338e+01
