8.813766639098451705e+00
8.522356429103908226e+00
8.766665609642750212e+00
8.517724999585993828e+00
1.145221503567677779e+01
1.198064309543147488e+01
1.223649371077697623e+01
8.713263470012524436e+00
7.365148054106821718e+00
7.110069947379943578e+00
1.069463818201034222e+01
8.366847750552006246e+00
8.241726718946360108e+00
8.280645290633369626e+00
1.126019144383037052e+01
8.788715506154865409e+00
9.658112718556772336e+00
1.332872917065774310e+01
9.101716542604846083e+00
1.156084603460674742e+01
1.088397390662618136e+01
1.048926986539278161e+01
1.077605735442038970e+01
1.059721107199152712e+01
1.056482916723369314e+01
1.058079568288720473e+01
1.163829213616091884e+01
1.145169988897947455e+01
1.072794632351848065e+01
1.098704482090464474e+01
1.072674742006953963e+01
9.981920709361491006e+00
1.046484041369998863e+01
1.097217983523233542e+01
1.394400355594590657e+01
1.024479678072100164e+01
9.979364211222009118e+00
1.032226597078834196e+01
1.066252750723442766e+01
1.050269280104199865e+01
1.054694343606403351e+01
1.066917549809233101e+01
1.014936963189695263e+01
1.036560527663838549e+01
1.037500920581721253e+01
