1.307937194357575628e+01
1.274415215980347327e+01
1.286748830225993423e+01
1.283414392730056264e+01
1.728692961566131814e+01
1.793063382712626819e+01
1.775483063436493580e+01
1.259524589987056409e+01
1.086974745348719829e+01
1.034666182542168222e+01
1.527800656366886756e+01
1.200911477718147502e+01
1.246242297531023269e+01
1.219374307755660247e+01
1.605869463131355701e+01
1.289921084852723610e+01
1.433419770789408609e+01
1.958548141312129331e+01
1.375418029059598624e+01
1.686826195823522667e+01
1.609394111442341213e+01
1.609617912388493366e+01
1.631784663543737679e+01
1.637896565872566157e+01
1.607130633568025857e+01
1.603908800692887837e+01
1.725388909211691413e+01
1.643165403730607821e+01
1.652052968118293919e+01
1.633432493881187852e+01
1.588120373379269523e+01
1.507802027606825668e+01
1.520730474757159811e+01
1.581221504469773720e+01
1.998691012822237312e+01
1.542208998729827307e+01
1.449548615028295551e+01
1.484616210352294274e+01
1.574186468058185007e+01
1.537586358647627094e+01
1.551683281484469390e+01
1.602810057073310546e+01
1.559268212728297520e+01
1.586070711254881793e+01
1.558012964183021154e+01
