-1.103179152044003786e+01
2.044234603874883760e+01
-3.872100792265132441e+01
-9.721987438438191020e+00
5.920868192998568702e+00
3.294453143457030819e+01
-1.594666769424748054e+01
1.414426211263980804e+01
1.184878455134276010e+01
-1.204323907945399696e+01
-2.485196467967398348e+00
-2.685394966571516306e+01
-3.440925732688128846e+01
3.208745579713922780e+01
-4.938144744609235204e+01
-2.791432949922750595e+01
-6.546321715060230417e+00
-5.565023632503925910e+01
-1.381840363237233760e+01
5.787150085114717513e+00
1.100606339829937497e+00
-8.296762253505221452e+00
-2.728316188858843816e+01
4.694271604597452097e+01
2.566542347503491328e+01
-2.344539883640209155e+00
2.476040901161104557e+01
5.032495131822315670e+01
3.554877272205840200e+01
-7.297564028123588287e+01
1.598953135599822417e+01
-2.086556841235051252e+00
-2.926096359777511680e+01
4.190121455115126992e+01
9.951415566181594841e+00
-8.023769135164457111e+00
6.081227465878782823e+00
8.385360578946460919e+00
6.750721632777364789e+01
-2.851115301736280117e+01
-1.206741284467170772e+01
1.510984235067326154e+01
2.198675846703144998e+01
-1.505116945654208394e+00
3.040249560264010142e+01
